Run semi-empirical minimization
 &qmmm
    qm_theory='AM1', grms_tol=0.0005,
 scfconv=1.d-10, ndiis_attempts=700,   qmcharge=1,
 /
   6  C001       10.8340       -1.6610        0.0000 
   7  N002       12.3160       -1.4280        0.0000 
   6  C003        9.8920       -0.4940        0.0000 
   7  N004        8.4100       -0.7270        0.0000 
   6  C005        7.4670        0.4400        0.0000 
   8  O006        8.0070        1.8400        0.0000 
   6  C007        5.9860        0.2080        0.0000 
   8  O008        5.0430        1.3750        0.0000 
   6  C009        3.5610        1.1420        0.0000 
   6  C010        3.0220       -0.2580        0.0000 
   6  C011        2.6190        2.3090        0.0000 
   6  C012        1.5400       -0.4910        0.0000 
   6  C013        1.1370        2.0760        0.0000 
   6  C014        0.5980        0.6760        0.0000 
   6  C015       -0.8840        0.4440        0.0000 
   7  N016       -1.5670       -0.8920        0.0000 
   7  N017       -1.9440        1.5060        0.0000 
   6  C018       -3.0480       -0.6550        0.0000 
   6  C019       -3.2810        0.8260        0.0000 
   7  N020       -4.2150       -1.5980        0.0000 
   6  C021       -4.6810        1.3660        0.0000 
   6  C022       -5.6150       -1.0590        0.0000 
   6  C023       -3.9820       -3.0800        0.0000 
   8  O024       -4.9130        2.8480        0.0000 
   7  N025       -5.8480        0.4230        0.0000 
   8  O026       -6.7820       -2.0010        0.0000 
   6  C027       -5.1490       -4.0220        0.0000 
   6  C028       -7.2470        0.9630        0.0000 
   6  C029       -4.9170       -5.5040        0.0000 
   6  C030       -7.4800        2.4450        0.0000 
   6  C031       -8.8800        2.9840        0.0000 
   1  H032       10.4750       -2.5940        0.0000 
   1  H033        9.8460       -1.8160        0.0000 
   1  H034       12.4990       -0.4450        0.0000 
   1  H035       13.0130       -2.1450        0.0000 
   1  H036       13.2730       -1.1390        0.0000 
   1  H037       10.2510        0.4390        0.0000 
   1  H038       10.8800       -0.3390        0.0000 
   1  H039        8.0500       -1.6600        0.0000 
   1  H040        5.6260       -0.7260        0.0000 
   1  H041        4.9980        0.0520        0.0000 
   1  H042        3.6500       -1.0360        0.0000 
   1  H043        2.9780        3.2420        0.0000 
   1  H044        1.1810       -1.4240        0.0000 
   1  H045        0.5090        2.8540        0.0000 
   1  H046       -1.7860        2.4930        0.0000 
   1  H047       -3.0490       -3.4390        0.0000 
   1  H048       -4.9150       -2.7200        0.0000 
   1  H049       -6.0820       -3.6630        0.0000 
   1  H050       -4.2160       -4.3820        0.0000 
   1  H051       -8.0250        0.3340        0.0000 
   1  H052       -7.0920       -0.0250        0.0000 
   1  H053       -3.9330       -5.6870        0.0000 
   1  H054       -5.6340       -6.2010        0.0000 
   1  H055       -4.6270       -6.4610        0.0000 
   1  H056       -6.7020        3.0730        0.0000 
   1  H057       -7.6350        3.4320        0.0000 
   1  H058       -9.5300        2.2240        0.0000 
   1  H059       -9.1250        3.9530        0.0000 
   1  H060       -9.8530        3.2120        0.0000 

