Wall clock time and date at job start Thu Aug 27 2026 18:32:22                  
CHARGE=0 AM1 1SCF TLIMIT=15 GEO-OK SM5.42R                                      
& SOLVNT=GENORG IOFR=1.4345 ALPHA=0.00 BETA=0.00 GAMMA=38.93                    
& DIELEC=2.06 FACARB=0.00 FEHALO=0.00 DEV                                       
 XAC_CCD_neutral.0 59                                                            
                                                                                 
 AMSOL-version 7.1
 by G. D. Hawkins, D. J. Giesen, G. C. Lynch, C. C. Chambers,
 I. Rossi, J. W. Storer, J. Li, J. D. Thompson, P. Winget,
 B. J. Lynch, D. Rinaldi, D. A. Liotard, C. J. Cramer, and D. G. Truhlar

 Copyright 2004 by Regents of the University of Minnesota.
 All rights reserved.

 Notice: recipients of this code are asked to comply
 with the user agreement in Section 1 of the documentation file.


 C 21 H 28 N 6  O 4 

     1SCF WAS SPECIFIED, SO GEOMETRY OPTIMIZATION WAS NOT USED
     SCF FIELD WAS ACHIEVED                                   

 Heat of formation + Delta-G solvation     =     -58.048632 kcal
 Electronic energy + Delta-G solvation     =  -43178.294166 eV
 Core-core repulsion                       =   37582.091827 eV
 Total energy + Delta-G solvation          =   -5596.202339 eV
 Dipole moment from CM2 point charges      =       7.11554  debye
 No. of doubly occupied orbitals           =      83
 Molecular weight
  (most abundant/longest-lived isotopes)   =     428.236     amu
 Computer time                             =       0.97     seconds

 In the following table subtotal= G_P + SS G_CDS.

  Atom   Chem.  CM2      G_P      Area      Sigma k    SS G_CDS Subtotal   M
 number symbol   chg.    (kcal) (Ang**2)  cal/(Ang**2)  (kcal)   (kcal)  value

   1       C     0.61     1.84     7.71     -12.67      -0.10     1.74     16
   2       N    -0.52    -1.13     2.96    -115.09      -0.34    -1.47     16
   3       O    -0.50    -2.33    17.18       3.26       0.06    -2.27     16
   4       C     0.72     2.39     8.47     -80.67      -0.68     1.70     16
   5       N    -0.56    -1.41     2.87    -116.38      -0.33    -1.74     16
   6       O    -0.52    -2.69    15.84       2.93       0.05    -2.64     16
   7       C     0.34     0.01     7.66    -153.56      -1.18    -1.17     16
   8       N    -0.46    -0.65    11.34      -8.79      -0.10    -0.75     16
   9       O    -0.29     0.01    10.03     -25.98      -0.26    -0.25     16
  10       C     0.30     0.66     7.55    -147.51      -1.11    -0.46     16
  11       N    -0.53     0.18     6.04      -8.28      -0.05     0.13     16
  12       O    -0.52    -3.15    17.74       3.57       0.06    -3.09     16
  13       C    -0.12    -0.25     7.02     -83.75      -0.59    -0.84     16
  14       N    -0.71     1.74     5.34     -58.61      -0.31     1.42     16
  15       C     0.10     0.11     5.40      -2.56      -0.01     0.09     16
  16       N    -0.83     2.32     9.69     -10.49      -0.10     2.22     16
  17       C    -0.14    -0.07     6.19     -26.04      -0.16    -0.23     16
  18       C     0.12     0.06     5.60      -3.32      -0.02     0.04     16
  19       C    -0.14    -0.01     6.22     -26.14      -0.16    -0.18     16
  20       C    -0.15     0.18    10.07      37.28       0.38     0.55     16
  21       C    -0.15     0.10    10.10      37.24       0.38     0.48     16
  22       C     0.14    -0.17     6.84     -37.29      -0.25    -0.42     16
  23       C    -0.19     0.49     9.47     -37.30      -0.35     0.14     16
  24       C    -0.02     0.04     9.84     -37.39      -0.37    -0.33     16
  25       C    -0.08     0.11     5.96    -104.07      -0.62    -0.51     16
  26       C    -0.06     0.14     9.86     -37.35      -0.37    -0.23     16
  27       C    -0.14     0.22    10.06     -37.53      -0.38    -0.15     16
  28       C     0.04    -0.11     5.61      37.27       0.21     0.10     16
  29       C     0.52     0.31     7.77     -10.09      -0.08     0.23     16
  30       C     0.11    -0.20     6.55      -4.16      -0.03    -0.23     16
  31       C     0.04    -0.16     6.62      -4.47      -0.03    -0.19     16
  32       H     0.44    -1.29     8.15     -39.65      -0.32    -1.62     16
  33       H     0.40    -2.39     8.02     -39.67      -0.32    -2.71     16
  34       H     0.10     0.06     7.56     -51.34      -0.39    -0.32     16
  35       H     0.10     0.09     7.41     -51.36      -0.38    -0.29     16
  36       H     0.35    -1.44     8.94     -39.67      -0.35    -1.79     16
  37       H     0.34    -1.26     8.90     -39.63      -0.35    -1.61     16
  38       H     0.07     0.09     8.22     -51.37      -0.42    -0.33     16
  39       H     0.07     0.08     8.23     -51.35      -0.42    -0.35     16
  40       H     0.10    -0.03     8.04     -51.38      -0.41    -0.45     16
  41       H     0.10     0.06     7.44     -51.38      -0.38    -0.33     16
  42       H     0.07     0.07     8.23     -51.36      -0.42    -0.35     16
  43       H     0.07     0.07     8.22     -51.39      -0.42    -0.35     16
  44       H     0.06    -0.08     8.22     -51.38      -0.42    -0.50     16
  45       H     0.06    -0.10     8.22     -51.38      -0.42    -0.52     16
  46       H     0.06    -0.08     8.23     -51.33      -0.42    -0.50     16
  47       H     0.06    -0.06     8.22     -51.38      -0.42    -0.48     16
  48       H     0.06    -0.06     8.23     -51.35      -0.42    -0.49     16
  49       H     0.06    -0.05     8.23     -51.36      -0.42    -0.47     16
  50       H     0.14    -0.66     7.25     -52.50      -0.38    -1.04     16
  51       H     0.15    -0.36     7.78     -52.49      -0.41    -0.77     16
  52       H     0.13    -0.63     7.06     -52.49      -0.37    -1.00     16
  53       H     0.14    -0.32     8.06     -52.47      -0.42    -0.74     16
  54       H     0.08    -0.53     7.49     -51.35      -0.38    -0.91     16
  55       H     0.10    -0.35     8.21     -51.38      -0.42    -0.77     16
  56       H     0.07    -0.08     8.22     -51.36      -0.42    -0.51     16
  57       H     0.08     0.03     8.23     -51.34      -0.42    -0.39     16
  58       H     0.03    -0.17     8.23     -51.36      -0.42    -0.59     16
  59       H     0.08    -0.32     8.23     -51.36      -0.42    -0.74     16

 LS Contribution                 485.08      15.07       7.31     7.31

 Total:          0.00   -11.16   485.08                -10.77   -21.93

   The number of atoms in the molecule is     59
   The average number of expansion shells was   16.00
   The maximum number of expansion shells was     16
   The minimum number of expansion shells was     16


 1SCF run

    This is a breakdown of the solvation energy calculated
    without geometric relaxation in solution:

 (1)  E-EN(sol) electronic-nuclear energy of solute                -36.115 kcal
 (2)  G-P(sol) polarization free energy of solvation               -11.161 kcal
 (3)  G-ENP(sol) elect.-nuc.-pol. free energy of system            -47.276 kcal
 (4)  G-CDS(sol) cavity-dispersion-solvent structure free energy   -10.772 kcal
 (5)  G-P-CDS(sol) = G-P(sol) + G-CDS(sol) = (2) + (4)             -21.934 kcal
 (6)  G-S(sol) free energy of system = (1) + (5)                   -58.049 kcal


          FINAL GEOMETRY OBTAINED                                 CHARGE
CHARGE=0 AM1 1SCF TLIMIT=15 GEO-OK SM5.42R                                      
& SOLVNT=GENORG IOFR=1.4345 ALPHA=0.00 BETA=0.00 GAMMA=38.93                    
& DIELEC=2.06 FACARB=0.00 FEHALO=0.00 DEV                                       
 XAC_CCD_neutral.0 59                                                            
                                                                                 
  C     0.000000    0    0.000000    0    0.000000    0   0    0    0       0.6055
  N     2.824418    1    0.000000    0    0.000000    0   1    0    0      -0.5201
  O     1.237114    1  176.988210    1    0.000000    0   1    2    0      -0.4990
  C     1.378009    1   59.449029    1  179.674525    1   2    1    3       0.7174
  N     1.367750    1   57.263435    1 -178.056943    1   1    2    3      -0.5569
  O     1.240236    1  119.974556    1  179.271725    1   4    2    1      -0.5192
  C     3.566398    1   67.887030    1    0.074214    1   2    1    3       0.3389
  N     1.348093    1   34.097626    1 -178.935260    1   7    2    1      -0.4557
  O     5.693260    1  158.782959    1  169.979921    1   7    2    1      -0.2949
  C     1.396792    1  104.260100    1    0.807175    1   8    7    2       0.3002
  N     1.349925    1   77.147204    1   -0.190508    1   7    2    1      -0.5304
  O     2.976173    1  168.442161    1   49.943490    1   9    7    2      -0.5229
  C     1.341579    1  110.588058    1    0.609522    1  10    8    7      -0.1224
  N     2.256415    1   77.744144    1 -115.568092    1  12    9    7      -0.7129
  C     1.480992    1  117.186819    1  175.547539    1   5    1    2       0.1012
  N     3.727235    1  121.172034    1 -153.871118    1  14   12    9      -0.8271
  C     1.541610    1  111.357056    1  -87.700118    1  15    5    1      -0.1396
  C     2.486434    1  121.557796    1    1.266270    1   4    1    2       0.1191
  C     1.538886    1  111.867090    1 -142.688211    1  18    2    1      -0.1393
  C     1.532451    1  112.338506    1  172.664586    1  19   18    2      -0.1459
  C     1.531573    1  112.894148    1 -174.046152    1  17   15    5      -0.1464
  C     7.739947    1   79.875407    1    1.797596    1   2    1    3       0.1434
  C     1.416353    1  124.538374    1 -146.854296    1  22    9    7      -0.1920
  C     1.408567    1  120.618012    1  177.673048    1  23   22    9      -0.0209
  C     1.414007    1  120.658167    1    0.523415    1  24   23   22      -0.0810
  C     1.413410    1  118.675837    1    1.147802    1  25   24   23      -0.0576
  C     1.408838    1  116.846075    1   32.728755    1  22    9    7      -0.1435
  C     1.424771    1  120.619601    1   -3.499887    1   9    7    2       0.0446
  C     1.234067    1   51.434471    1  -99.210699    1  12    9    7       0.5207
  C     1.455687    1   98.101620    1 -154.726533    1  14   12    9       0.1143
  C     1.449974    1   22.456847    1  178.211362    1  16   14   12       0.0427
  H     1.000080    1  126.319718    1  179.506874    1  11    7    2       0.4432
  H     0.999709    1  144.702976    1   24.588882    1  14   12    9       0.4027
  H     1.100353    1  108.859929    1   32.308930    1  15    5    1       0.1023
  H     1.100065    1  108.843510    1  152.287156    1  15    5    1       0.1043
  H     0.999724    1  131.952120    1  178.047892    1  16   14   12       0.3466
  H     1.000533    1   97.395534    1  -57.340181    1  16   14   12       0.3396
  H     1.099857    1  108.366493    1  -54.043317    1  17   15    5       0.0666
  H     1.100146    1  108.352987    1   65.932445    1  17   15    5       0.0668
  H     1.099673    1  108.705476    1  -22.680220    1  18    2    1       0.0959
  H     1.099634    1  108.687760    1   97.297792    1  18    2    1       0.0983
  H     1.099986    1  108.529221    1  -67.362377    1  19   18    2       0.0657
  H     1.099397    1  108.512905    1   52.647529    1  19   18    2       0.0687
  H     1.099725    1  109.516724    1  179.989858    1  20   19   18       0.0626
  H     1.099679    1  109.491547    1  -59.990893    1  20   19   18       0.0590
  H     1.100509    1  109.438656    1   59.993968    1  20   19   18       0.0578
  H     1.099710    1  109.479967    1  179.987417    1  21   17   15       0.0643
  H     1.100219    1  109.464783    1  -59.967295    1  21   17   15       0.0595
  H     1.100060    1  109.447045    1   60.027719    1  21   17   15       0.0602
  H     1.079738    1  119.710954    1   -2.331700    1  23   22    9       0.1378
  H     1.080012    1  119.688702    1 -179.487168    1  24   23   22       0.1472
  H     1.079937    1  119.707969    1  178.571796    1  26   25   24       0.1317
  H     1.080347    1  119.559746    1    1.988584    1  27   22    9       0.1425
  H     1.100221    1  109.623029    1  -46.672720    1  28    9    7       0.0848
  H     1.099595    1  109.600562    1   73.322596    1  28    9    7       0.1022
  H     1.099953    1  109.336531    1  -61.744913    1  30   14   12       0.0702
  H     1.100350    1  109.346948    1   58.274550    1  30   14   12       0.0824
  H     1.100057    1  109.135915    1  120.177196    1  31   16   14       0.0347
  H     1.100020    1  109.140885    1 -119.829034    1  31   16   14       0.0822
   0    0.000000    0    0.000000    0    0.000000    0   0    0    0


